-----------------
16 Features - with oversampling:
-----------------

DT: [0.88423814 0.68437994]
LoR: [0.93837435 0.88984465]
LiR: [0.83521172 0.78075644]
MLP: [1.         0.71062345]
SVM: [0.84875071 0.75155311]
KNN: [0.78551611 0.69206921]

DT: [0.88229334 0.70085829]
LoR: [0.93849976 0.89296649]
LiR: [0.83491042 0.78168978]
MLP: [1.         0.70645534]
SVM: [0.85192228 0.74354219]
KNN: [0.78163429 0.68512865]


-----------------
5 Features - with oversampling:
-----------------

DT: [0.85737028 0.70810427]
LoR: [0.9013951  0.88007907]
LiR: [0.80052936 0.77318051]
MLP: [0.92096818 0.75895638]
SVM: [0.85610685 0.77595344]
KNN: [0.82838169 0.7410456 ]

-----------------
16 Features - without oversampling
-----------------
DT: [0.85872865 0.47455112]
LoR: [0.88717467 0.77339948]
LiR: [0.72215594 0.60753438]
MLP: [1.         0.45080269]
SVM: [0.65652065 0.60506938]
KNN: [0.68923316 0.54025343]