DT: [0.880532   0.68204881]
LoR: [0.93760796 0.89072942]
LiR: [0.83324951 0.78712974]
MLP: [0.99994516 0.71960505]
SVM: [0.8486664  0.75187276]
KNN: [0.78028861 0.68932548]

DT: [0.88229334 0.70085829]
LoR: [0.93849976 0.89296649]
LiR: [0.83491042 0.78168978]
MLP: [1.         0.70645534]
SVM: [0.85192228 0.74354219]
KNN: [0.78163429 0.68512865]


-----------------
5 Features:
-----------------

DT: [0.85737028 0.70810427]
LoR: [0.9013951  0.88007907]
LiR: [0.80052936 0.77318051]
MLP: [0.92096818 0.75895638]
SVM: [0.85610685 0.77595344]
KNN: [0.82838169 0.7410456 ]